latitude=37.33036094075939
longitude=-121.88706842724272